9 9
10 11 12 13 14 15 16 17 18 
1 2 3 4 5 6 7 8 9 
70.0 -15.0 20.0 -11.0 -1.0 15.0 -4.0 1.0 -9.0 
-7.0 2.0 4.0 2.0 -8.0 5.0 -8.0 -5.0 -3.0 
7.0 -9.0 -8.0 5.0 5.0 -2.0 -2.0 -3.0 -2.0 
0.0 3.0 -9.0 7.0 -5.0 7.0 2.0 -10.0 9.0 
-6.0 -9.0 10.0 -10.0 5.0 -6.0 9.0 10.0 5.0 
1.0 -5.0 1.0 6.0 5.0 -2.0 -5.0 3.0 -4.0 
-6.0 -5.0 -7.0 -10.0 0.0 7.0 -10.0 6.0 -6.0 
0.0 10.0 -9.0 10.0 -2.0 -3.0 6.0 1.0 10.0 
0.0 5.0 -1.0 -3.0 -8.0 2.0 -3.0 9.0 2.0 
2.0 -5.0 0.0 10.0 -8.0 -1.0 10.0 6.0 -5.0 
0.0 0.0 -1.0 4.0 3.0 -5.0 0.0 4.0 2.0 -3.0 